44.07139
44.10951
44.14732
44.18484
44.22207
44.25900
44.29564
44.33200
44.36808
44.40388
44.43941
44.47466
44.50965
44.54437
44.57884
44.61304
44.64699
44.68069
44.71414
44.74735
44.78031
44.81304
44.84552
44.87778
44.90980
44.94159
44.97316
45.00450
45.03562
45.06652
45.09721
45.12768
45.15794
45.18798
45.21782
45.24745
45.27688
45.30610
45.33512
45.36394
45.39257
45.42099
45.44922
45.47725
45.50509
45.53274
45.56019
45.58745
45.61452
45.64141
45.66810
45.69460
45.72092
45.74705
45.77299
45.79874
45.82430
45.84968
45.87487
45.89987
45.92469
45.94931
45.97375
45.99800
46.02206
46.04593
46.06961
46.09310
46.11639
46.13950
46.16240
46.18512
46.20764
46.22996
46.25209
46.27401
46.29574
46.31726
46.33858
46.35970
46.38061
46.40132
46.42182
46.44210
46.46218
46.48205
46.50170
46.52113
46.54035
46.55935
46.57812
46.59668
46.61501
46.63312
46.65099
46.66864
46.68606
46.70325
46.72020
46.73691
46.75339
46.76963
46.78563
46.80138
46.81689
46.83216
46.84717
46.86194
46.87646
46.89072
46.90473
46.91849
46.93198
46.94522
46.95820
46.97092
46.98338
46.99557
47.00749
47.01915
47.03054
47.04166
47.05252
47.06310
47.07341
47.08344
47.09320
47.10269
47.11190
47.12083
47.12949
47.13787
47.14596
47.15379
47.16133
47.16859
47.17557
47.18227
47.18868
47.19482
47.20067
47.20625
47.21154
47.21655
47.22128
47.22573
47.22990
47.23378
47.23739
47.24071
47.24376
47.24653
47.24902
47.25123
47.25316
47.25482
47.25621
47.25731
47.25815
47.25871
47.25900
47.25903
47.25878
47.25826
47.25748
47.25643
47.25512
47.25355
47.25171
47.24962
47.24726
47.24466
47.24179
47.23868
47.23531
47.23169
47.22783
47.22371
47.21936
47.21476
47.20992
47.20485
47.19954
47.19399
47.18821
47.18220
47.17596
47.16950
47.16281
47.15590
47.14877
47.14142
47.13385
47.12607
47.11808
47.10988
47.10147
47.09285
47.08403
47.07501
47.06579
47.05637
47.04675
47.03694
47.02694
47.01675
47.00637
46.99580
46.98505
46.97411
46.96299
46.95170
46.94022
46.92856
46.91674
46.90473
46.89256
46.88021
46.86769
46.85500
46.84215
46.82913
46.81594
46.80259
46.78907
46.77539
46.76155
46.74754
46.73337
46.71904
46.70455
46.68990
46.67509
46.66012
46.64499
46.62970
46.61425
46.59863
46.58286
46.56692
46.55082
46.53456
46.51813
46.50154
46.48478
46.46786
46.45077
46.43351
46.41607
46.39847
46.38069
46.36274
46.34461
46.32630
46.30781
46.28913
46.27027
46.25122
46.23199
46.21255
46.19293
46.17310
46.15308
46.13285
46.11241
46.09176
46.07091
46.04983
46.02853
46.00701
45.98527
45.96329
45.94108
45.91863
45.89593
45.87300
45.84981
45.82636
45.80266
45.77870
45.75447
45.72996
45.70518
45.68012
45.65478
45.62914
45.60321
45.57698
45.55045
45.52361
45.49645
45.46898
45.44118
45.41306
45.38460
45.35580
45.32666
45.29717
45.26732
45.23712
45.20655
45.17562
45.14431
45.11262
45.08055
45.04809
45.01524
44.98199
44.94833
44.91427
44.87979
44.84490
44.80958
44.77383
44.73766
44.70104
44.66399
44.62648
44.58853
44.55013
44.51126
44.47193
44.43213
44.39187
44.35112
44.30990
44.26819
44.22600
44.18332
44.14014
44.09646
44.05228
44.00760
43.96240
43.91670
43.87048
43.82375
43.77649
43.72872
43.68041
43.63158
43.58221
43.53232
43.48188
43.43091
43.37939
43.32733
43.27473
43.22158
43.16788
43.11362
43.05882
43.00345
42.94753
42.89105
42.83400
42.77639
42.71821
42.65946
42.60015
42.54025
42.47979
42.41874
42.35711
42.29490
42.23210
42.16871
42.10473
42.04015
41.97497
41.90919
41.84280
41.77579
41.70817
41.63992
41.57105
41.50154
41.43139
41.36059
41.28913
41.21701
41.14422
41.07075
40.99658
40.92172
40.84614
40.76984
40.69280
40.61501
40.53645
40.45711
40.37697
40.29602
40.21423
40.13159
40.04807
39.96366
39.87832
39.79204
39.70478
39.61653
39.52724
39.43688
39.34543
39.25285
39.15910
39.06414
38.96794
38.87044
38.77160
38.67138
38.56972
38.46657
38.36187
38.25558
38.14761
38.03792
37.92643
37.81308
37.69778
37.58047
37.46106
37.33946
37.21560
37.08937
36.96068
36.82943
36.69552
36.55883
36.41926
36.27668
36.13097
35.98200
35.82964
35.67374
35.51417
35.35077
35.18338
35.01184
34.83599
34.65564
34.47061
34.28072
34.08576
33.88553
33.67982
33.46842
33.25108
33.02758
32.79767
32.56110
32.31761
32.06691
31.80874
31.54280
31.26880
30.98641
30.69531
30.39518
30.08567
29.76643
29.43708
29.09725
28.74654
28.38455
28.01087
27.62505
27.22667
26.81525
26.39032
